7.020999999999999464e-01
5.991999999999999549e-01
6.048000000000000043e-01
6.238000000000000211e-01
6.007000000000000117e-01
6.006000000000000227e-01
5.875000000000000222e-01
6.896999999999999797e-01
6.824999999999999956e-01
6.868999999999999551e-01
5.677999999999999714e-01
5.637999999999999678e-01
6.016000000000000236e-01
5.577999999999999625e-01
5.601000000000000423e-01
6.130999999999999783e-01
5.991999999999999549e-01
5.951999999999999513e-01
5.510000000000000453e-01
5.598999999999999533e-01
5.560000000000000497e-01
5.611000000000000432e-01
5.563000000000000167e-01
5.544000000000000039e-01
5.506999999999999673e-01
5.456999999999999629e-01
5.371000000000000218e-01
5.397999999999999465e-01
5.391000000000000236e-01
5.294999999999999707e-01
5.268000000000000460e-01
5.475999999999999757e-01
4.989999999999999991e-01
5.163999999999999702e-01
5.528999999999999471e-01
5.251000000000000112e-01
5.322000000000000064e-01
5.352999999999999980e-01
5.368000000000000549e-01
5.385999999999999677e-01
5.131999999999999895e-01
5.178000000000000380e-01
5.372000000000000108e-01
5.300000000000000266e-01
5.359000000000000430e-01
5.472000000000000197e-01
5.379000000000000448e-01
5.227000000000000535e-01
5.259000000000000341e-01
5.084999999999999520e-01
5.203999999999999737e-01
5.610000000000000542e-01
5.568999999999999506e-01
5.231999999999999984e-01
5.261000000000000121e-01
5.180000000000000160e-01
5.096000000000000529e-01
5.411000000000000254e-01
5.397999999999999465e-01
5.101999999999999869e-01
5.637999999999999678e-01
5.574999999999999956e-01
5.580000000000000515e-01
5.516999999999999682e-01
5.475999999999999757e-01
5.453000000000000069e-01
5.443999999999999950e-01
5.426999999999999602e-01
5.402000000000000135e-01
5.382000000000000117e-01
6.035000000000000364e-01
5.968999999999999861e-01
5.999999999999999778e-01
6.016000000000000236e-01
5.933000000000000496e-01
5.903000000000000469e-01
5.917999999999999927e-01
5.893000000000000460e-01
5.872000000000000552e-01
5.806999999999999940e-01
