5.285999999999999588e-01
5.104999999999999538e-01
5.027000000000000357e-01
5.610000000000000542e-01
5.302999999999999936e-01
4.951999999999999735e-01
5.452000000000000179e-01
5.461000000000000298e-01
5.682000000000000384e-01
5.416999999999999593e-01
5.436999999999999611e-01
5.193999999999999728e-01
5.413999999999999924e-01
5.111999999999999877e-01
5.131999999999999895e-01
5.414999999999999813e-01
5.645999999999999908e-01
5.584000000000000075e-01
5.607999999999999652e-01
6.018999999999999906e-01
5.051999999999999824e-01
5.647999999999999687e-01
5.312000000000000055e-01
5.048000000000000265e-01
5.913000000000000478e-01
5.648999999999999577e-01
5.722000000000000419e-01
5.784000000000000252e-01
6.300999999999999934e-01
5.383000000000000007e-01
5.413000000000000034e-01
5.295999999999999597e-01
5.768999999999999684e-01
5.424999999999999822e-01
5.443999999999999950e-01
5.204999999999999627e-01
5.531000000000000361e-01
5.705999999999999961e-01
5.665000000000000036e-01
5.632000000000000339e-01
6.129000000000000004e-01
5.677999999999999714e-01
5.955000000000000293e-01
7.685999999999999499e-01
5.222999999999999865e-01
5.759999999999999565e-01
5.340000000000000302e-01
5.432000000000000162e-01
5.316999999999999504e-01
5.621000000000000441e-01
6.122999999999999554e-01
5.510000000000000453e-01
5.655000000000000027e-01
5.454999999999999849e-01
5.603000000000000203e-01
5.323999999999999844e-01
5.639999999999999458e-01
5.298000000000000487e-01
5.655999999999999917e-01
5.960999999999999632e-01
7.052000000000000490e-01
5.844000000000000306e-01
5.563000000000000167e-01
5.927999999999999936e-01
5.493999999999999995e-01
5.530000000000000471e-01
5.675000000000000044e-01
5.990999999999999659e-01
5.343999999999999861e-01
7.026000000000000023e-01
5.333999999999999853e-01
5.738999999999999657e-01
6.090999999999999748e-01
5.867999999999999883e-01
5.590000000000000524e-01
5.948999999999999844e-01
7.316000000000000281e-01
5.610000000000000542e-01
5.252000000000000002e-01
6.347000000000000419e-01
5.701000000000000512e-01
5.518999999999999462e-01
5.404999999999999805e-01
7.580999999999999961e-01
5.819999999999999618e-01
6.501000000000000112e-01
5.279000000000000359e-01
5.672000000000000375e-01
5.389000000000000457e-01
7.830000000000000293e-01
5.423999999999999932e-01
5.803000000000000380e-01
5.899999999999999689e-01
6.942000000000000393e-01
6.364999999999999547e-01
5.586999999999999744e-01
5.867999999999999883e-01
5.344999999999999751e-01
5.760999999999999455e-01
5.377999999999999448e-01
7.114000000000000323e-01
5.534999999999999920e-01
8.352000000000000535e-01
6.351999999999999869e-01
5.219000000000000306e-01
5.387999999999999456e-01
6.482999999999999874e-01
6.270999999999999908e-01
5.503000000000000114e-01
7.302999999999999492e-01
6.132999999999999563e-01
6.479000000000000314e-01
5.612000000000000322e-01
6.143999999999999462e-01
5.590000000000000524e-01
5.427999999999999492e-01
5.769999999999999574e-01
5.254999999999999671e-01
6.261999999999999789e-01
5.520000000000000462e-01
6.575999999999999623e-01
5.534999999999999920e-01
6.179999999999999938e-01
6.580000000000000293e-01
6.383999999999999675e-01
5.544000000000000039e-01
5.497999999999999554e-01
6.995999999999999996e-01
5.584000000000000075e-01
5.750999999999999446e-01
5.648999999999999577e-01
7.173000000000000487e-01
6.555999999999999606e-01
6.645999999999999686e-01
6.051999999999999602e-01
6.354999999999999538e-01
7.309999999999999831e-01
6.541000000000000147e-01
6.868999999999999551e-01
6.387000000000000455e-01
5.323999999999999844e-01
6.271999999999999797e-01
5.568999999999999506e-01
6.525999999999999579e-01
5.994000000000000439e-01
5.524999999999999911e-01
6.774000000000000021e-01
7.281999999999999584e-01
7.154000000000000359e-01
6.392999999999999794e-01
6.119999999999999885e-01
6.736999999999999655e-01
6.072999999999999510e-01
5.887000000000000011e-01
6.604999999999999760e-01
5.921999999999999487e-01
6.340999999999999970e-01
5.481000000000000316e-01
5.376999999999999558e-01
5.839999999999999636e-01
5.828999999999999737e-01
6.622000000000000108e-01
5.814000000000000279e-01
5.584999999999999964e-01
5.901999999999999469e-01
6.208000000000000185e-01
7.718000000000000416e-01
6.021999999999999575e-01
6.028000000000000025e-01
5.141000000000000014e-01
5.994000000000000439e-01
6.222999999999999643e-01
7.187999999999999945e-01
5.920999999999999597e-01
6.036000000000000254e-01
5.947999999999999954e-01
5.896000000000000130e-01
5.323999999999999844e-01
6.680000000000000382e-01
7.052000000000000490e-01
6.192999999999999616e-01
7.913000000000000034e-01
5.883000000000000451e-01
5.793000000000000371e-01
6.188000000000000167e-01
5.951999999999999513e-01
7.592999999999999750e-01
5.604000000000000092e-01
6.425999999999999490e-01
5.652000000000000357e-01
5.391000000000000236e-01
5.442000000000000171e-01
7.932000000000000162e-01
6.045000000000000373e-01
5.624000000000000110e-01
7.844999999999999751e-01
7.436000000000000387e-01
6.269000000000000128e-01
6.237000000000000322e-01
6.179000000000000048e-01
6.773000000000000131e-01
6.832000000000000295e-01
6.896999999999999797e-01
5.669999999999999485e-01
6.362999999999999767e-01
7.376000000000000334e-01
5.695000000000000062e-01
8.672999999999999599e-01
5.995000000000000329e-01
6.878999999999999559e-01
7.017999999999999794e-01
8.294000000000000261e-01
5.691000000000000503e-01
6.539000000000000368e-01
6.307000000000000384e-01
5.231000000000000094e-01
6.417000000000000481e-01
7.044000000000000261e-01
6.840000000000000524e-01
6.629000000000000448e-01
6.082999999999999519e-01
7.137000000000000011e-01
6.344999999999999529e-01
6.367000000000000437e-01
7.135000000000000231e-01
7.919000000000000483e-01
8.070000000000000506e-01
6.055000000000000382e-01
7.453999999999999515e-01
5.412000000000000144e-01
7.103000000000000425e-01
6.641000000000000236e-01
7.029999999999999583e-01
7.017999999999999794e-01
5.415999999999999703e-01
6.348000000000000309e-01
8.047999999999999599e-01
8.541999999999999593e-01
6.159000000000000030e-01
6.771000000000000352e-01
8.044000000000000039e-01
6.257000000000000339e-01
5.714000000000000190e-01
7.638000000000000345e-01
6.451000000000000068e-01
6.979999999999999538e-01
6.032999999999999474e-01
5.754000000000000226e-01
7.536000000000000476e-01
5.429000000000000492e-01
6.974000000000000199e-01
5.409000000000000474e-01
9.284999999999999920e-01
8.034000000000000030e-01
5.669999999999999485e-01
8.483000000000000540e-01
6.147000000000000242e-01
6.763000000000000123e-01
7.398000000000000131e-01
7.037999999999999812e-01
5.998999999999999888e-01
8.106999999999999762e-01
8.256999999999999895e-01
6.127000000000000224e-01
7.606000000000000538e-01
8.894999999999999574e-01
5.646999999999999797e-01
6.374999999999999556e-01
6.646999999999999575e-01
8.312000000000000499e-01
6.664999999999999813e-01
6.663999999999999924e-01
8.466000000000000192e-01
7.745999999999999552e-01
6.793000000000000149e-01
6.780000000000000471e-01
6.602000000000000091e-01
5.818999999999999728e-01
8.802999999999999714e-01
5.784000000000000252e-01
8.719000000000000083e-01
7.881000000000000227e-01
6.126000000000000334e-01
6.397000000000000464e-01
7.158999999999999808e-01
5.290000000000000258e-01
5.744000000000000217e-01
5.667999999999999705e-01
8.074999999999999956e-01
5.874000000000000332e-01
7.340999999999999748e-01
6.580000000000000293e-01
6.883000000000000229e-01
6.223999999999999533e-01
7.389000000000000012e-01
8.849000000000000199e-01
7.586000000000000520e-01
7.554999999999999494e-01
6.512000000000000011e-01
7.210999999999999632e-01
6.863000000000000211e-01
6.649000000000000465e-01
7.511999999999999789e-01
6.124000000000000554e-01
7.392999999999999572e-01
8.961000000000000076e-01
5.994000000000000439e-01
1.099599999999999911e+00
7.130999999999999561e-01
7.899000000000000465e-01
7.082000000000000517e-01
6.205000000000000515e-01
9.227999999999999536e-01
8.117999999999999661e-01
5.608999999999999542e-01
5.778999999999999693e-01
7.185000000000000275e-01
6.740000000000000435e-01
6.743999999999999995e-01
6.777999999999999581e-01
7.900000000000000355e-01
1.050100000000000033e+00
7.258000000000000007e-01
8.034000000000000030e-01
7.581999999999999851e-01
7.014000000000000234e-01
7.841000000000000192e-01
9.815000000000000391e-01
8.589999999999999858e-01
6.798999999999999488e-01
8.931000000000000050e-01
7.416000000000000369e-01
6.318000000000000282e-01
5.903000000000000469e-01
5.584999999999999964e-01
5.836999999999999966e-01
8.874999999999999556e-01
7.247000000000000108e-01
5.920999999999999597e-01
6.782000000000000250e-01
6.962000000000000410e-01
8.908000000000000362e-01
9.999000000000000110e-01
8.958000000000000407e-01
6.895999999999999908e-01
1.090100000000000069e+00
9.100000000000000311e-01
7.076000000000000068e-01
7.748000000000000442e-01
6.256000000000000449e-01
6.451000000000000068e-01
6.129000000000000004e-01
5.470000000000000417e-01
6.905999999999999917e-01
6.912000000000000366e-01
6.125000000000000444e-01
8.054000000000000048e-01
6.530000000000000249e-01
9.119000000000000439e-01
6.893000000000000238e-01
7.218999999999999861e-01
6.326000000000000512e-01
5.786000000000000032e-01
6.421999999999999931e-01
7.245000000000000329e-01
9.114999999999999769e-01
9.459999999999999520e-01
6.568000000000000504e-01
7.835999999999999632e-01
1.096799999999999997e+00
6.589000000000000412e-01
7.299999999999999822e-01
7.841000000000000192e-01
6.314999999999999503e-01
6.802000000000000268e-01
8.569999999999999840e-01
5.874000000000000332e-01
8.266000000000000014e-01
8.137999999999999678e-01
7.057999999999999829e-01
6.685999999999999721e-01
1.126400000000000068e+00
7.451999999999999735e-01
7.169999999999999707e-01
7.411999999999999700e-01
7.951000000000000290e-01
6.578000000000000513e-01
8.176999999999999824e-01
6.853000000000000203e-01
7.244000000000000439e-01
7.713999999999999746e-01
6.902000000000000357e-01
6.813000000000000167e-01
6.625999999999999668e-01
8.901000000000000023e-01
8.871999999999999886e-01
7.187999999999999945e-01
5.686999999999999833e-01
7.143000000000000460e-01
7.995999999999999774e-01
7.550999999999999934e-01
7.226000000000000201e-01
7.903000000000000025e-01
7.601999999999999869e-01
7.058999999999999719e-01
8.195000000000000062e-01
8.667000000000000259e-01
7.621999999999999886e-01
7.749000000000000332e-01
7.954999999999999849e-01
1.131899999999999906e+00
8.330999999999999517e-01
7.986999999999999655e-01
7.175000000000000266e-01
5.814000000000000279e-01
9.264000000000000012e-01
5.909999999999999698e-01
6.905000000000000027e-01
7.036000000000000032e-01
7.401999999999999691e-01
6.467000000000000526e-01
8.770999999999999908e-01
6.155000000000000471e-01
7.775999999999999579e-01
6.065000000000000391e-01
7.729000000000000314e-01
7.526000000000000467e-01
6.683000000000000052e-01
8.643999999999999462e-01
8.273000000000000353e-01
7.334000000000000519e-01
6.867999999999999661e-01
5.637999999999999678e-01
5.968999999999999861e-01
7.013000000000000345e-01
7.345000000000000417e-01
5.386999999999999567e-01
8.990000000000000213e-01
6.022999999999999465e-01
1.090700000000000003e+00
8.373000000000000442e-01
9.568999999999999728e-01
8.227999999999999758e-01
1.070500000000000007e+00
7.073000000000000398e-01
6.425999999999999490e-01
7.256000000000000227e-01
9.072000000000000064e-01
7.004000000000000226e-01
5.742000000000000437e-01
8.312000000000000499e-01
7.084000000000000297e-01
7.481999999999999762e-01
6.117000000000000215e-01
9.653000000000000469e-01
7.893999999999999906e-01
6.541000000000000147e-01
6.228000000000000203e-01
8.669999999999999929e-01
1.795900000000000052e+00
7.754999999999999671e-01
7.389999999999999902e-01
5.580000000000000515e-01
5.908999999999999808e-01
5.895000000000000240e-01
7.560000000000000053e-01
6.506999999999999451e-01
7.711999999999999966e-01
8.135999999999999899e-01
8.302000000000000490e-01
5.816000000000000059e-01
6.489000000000000323e-01
6.479000000000000314e-01
7.962000000000000188e-01
7.845999999999999641e-01
6.924000000000000155e-01
7.993000000000000105e-01
6.532999999999999918e-01
7.173000000000000487e-01
8.689000000000000057e-01
7.721000000000000085e-01
7.926999999999999602e-01
6.491999999999999993e-01
7.311999999999999611e-01
7.026999999999999913e-01
6.366000000000000547e-01
6.704999999999999849e-01
7.560000000000000053e-01
7.477000000000000313e-01
1.548599999999999977e+00
8.786000000000000476e-01
7.308999999999999941e-01
6.029999999999999805e-01
5.836999999999999966e-01
6.613999999999999879e-01
6.261999999999999789e-01
6.341999999999999860e-01
6.059999999999999831e-01
6.074000000000000510e-01
5.834000000000000297e-01
7.086000000000000076e-01
7.701999999999999957e-01
7.722999999999999865e-01
5.704000000000000181e-01
6.851000000000000423e-01
7.045000000000000151e-01
7.341999999999999638e-01
7.748000000000000442e-01
8.478999999999999870e-01
7.694999999999999618e-01
7.320999999999999730e-01
9.075999999999999623e-01
8.256999999999999895e-01
6.999999999999999556e-01
6.219999999999999973e-01
8.953999999999999737e-01
8.042000000000000259e-01
6.996999999999999886e-01
6.720000000000000417e-01
1.502899999999999903e+00
1.637599999999999945e+00
6.983000000000000318e-01
1.520899999999999919e+00
6.034000000000000474e-01
7.601999999999999869e-01
7.296000000000000263e-01
6.737999999999999545e-01
5.997000000000000108e-01
9.566000000000000059e-01
6.182999999999999607e-01
1.411799999999999944e+00
1.350100000000000078e+00
7.995999999999999774e-01
6.354999999999999538e-01
8.289999999999999591e-01
1.401899999999999924e+00
8.458999999999999853e-01
7.395000000000000462e-01
1.404099999999999904e+00
7.007999999999999785e-01
1.491700000000000026e+00
1.393299999999999983e+00
6.058000000000000052e-01
6.723000000000000087e-01
1.507800000000000029e+00
1.536499999999999977e+00
1.523800000000000043e+00
5.995000000000000329e-01
6.925000000000000044e-01
8.075999999999999845e-01
7.106000000000000094e-01
6.056000000000000272e-01
7.969000000000000528e-01
9.883999999999999453e-01
6.158000000000000140e-01
7.451999999999999735e-01
6.934000000000000163e-01
8.203000000000000291e-01
7.003000000000000336e-01
8.632999999999999563e-01
6.820000000000000506e-01
7.429000000000000048e-01
7.070999999999999508e-01
7.952000000000000179e-01
6.346000000000000529e-01
7.670000000000000151e-01
7.179999999999999716e-01
6.331999999999999851e-01
6.502000000000000002e-01
6.129000000000000004e-01
6.690000000000000391e-01
6.549000000000000377e-01
8.496000000000000218e-01
1.757700000000000040e+00
5.242999999999999883e-01
5.947999999999999954e-01
8.088999999999999524e-01
5.827999999999999847e-01
5.908999999999999808e-01
6.425999999999999490e-01
6.649000000000000465e-01
6.175000000000000488e-01
5.881999999999999451e-01
9.653000000000000469e-01
7.114000000000000323e-01
6.790000000000000480e-01
6.773000000000000131e-01
7.560999999999999943e-01
7.124000000000000332e-01
6.512999999999999901e-01
8.697000000000000286e-01
6.354999999999999538e-01
1.679999999999999938e+00
7.387000000000000233e-01
7.221999999999999531e-01
6.887999999999999678e-01
6.810000000000000497e-01
7.241999999999999549e-01
5.805000000000000160e-01
7.246000000000000218e-01
6.420000000000000151e-01
8.740999999999999881e-01
6.289000000000000146e-01
6.463999999999999746e-01
6.714999999999999858e-01
6.931000000000000494e-01
6.692000000000000171e-01
8.829000000000000181e-01
1.630800000000000027e+00
7.331999999999999629e-01
8.512999999999999456e-01
7.348000000000000087e-01
1.624100000000000099e+00
6.844000000000000083e-01
7.118999999999999773e-01
5.796000000000000041e-01
1.626800000000000024e+00
7.054000000000000270e-01
5.766000000000000014e-01
5.950999999999999623e-01
6.844999999999999973e-01
7.660000000000000142e-01
6.231999999999999762e-01
7.098999999999999755e-01
1.591900000000000093e+00
6.941000000000000503e-01
7.486000000000000432e-01
7.553999999999999604e-01
7.297000000000000153e-01
6.968999999999999639e-01
1.627099999999999991e+00
1.571099999999999941e+00
1.580200000000000049e+00
6.756999999999999673e-01
6.786999999999999700e-01
6.291999999999999815e-01
7.322999999999999510e-01
6.989999999999999547e-01
7.695999999999999508e-01
7.990000000000000435e-01
6.381999999999999895e-01
6.837999999999999634e-01
1.556699999999999973e+00
6.754999999999999893e-01
7.727000000000000535e-01
6.353999999999999648e-01
9.063999999999999835e-01
8.761999999999999789e-01
5.627999999999999670e-01
8.375000000000000222e-01
7.315000000000000391e-01
6.544999999999999707e-01
6.060999999999999721e-01
7.903000000000000025e-01
6.924000000000000155e-01
1.157499999999999973e+00
5.923000000000000487e-01
8.035999999999999810e-01
7.181999999999999496e-01
5.798999999999999710e-01
6.498000000000000442e-01
9.235999999999999766e-01
7.234000000000000430e-01
5.977999999999999980e-01
6.316000000000000503e-01
1.047400000000000109e+00
7.490999999999999881e-01
8.273000000000000353e-01
7.986999999999999655e-01
6.956999999999999851e-01
7.573999999999999622e-01
6.101999999999999647e-01
6.985999999999999988e-01
7.316000000000000281e-01
8.939000000000000279e-01
9.841999999999999638e-01
7.216000000000000192e-01
1.057099999999999929e+00
8.296000000000000041e-01
7.181999999999999496e-01
8.120000000000000551e-01
7.234000000000000430e-01
7.173000000000000487e-01
6.410000000000000142e-01
7.503999999999999559e-01
6.676999999999999602e-01
7.452999999999999625e-01
9.089000000000000412e-01
5.585999999999999854e-01
6.310999999999999943e-01
7.996999999999999664e-01
6.997999999999999776e-01
9.649999999999999689e-01
6.179999999999999938e-01
6.105000000000000426e-01
6.401000000000000023e-01
5.865000000000000213e-01
6.179999999999999938e-01
7.828000000000000513e-01
7.524999999999999467e-01
8.713999999999999524e-01
6.791000000000000369e-01
6.727999999999999536e-01
5.837999999999999856e-01
1.051800000000000068e+00
7.027999999999999803e-01
7.110999999999999543e-01
6.350999999999999979e-01
8.075999999999999845e-01
6.877999999999999670e-01
6.513999999999999790e-01
6.347000000000000419e-01
7.116999999999999993e-01
7.596000000000000529e-01
8.696000000000000396e-01
6.408000000000000362e-01
6.914000000000000146e-01
6.512000000000000011e-01
8.396000000000000130e-01
5.459000000000000519e-01
1.015500000000000069e+00
5.936000000000000165e-01
5.705999999999999961e-01
6.271999999999999797e-01
5.862000000000000544e-01
7.647000000000000464e-01
6.692000000000000171e-01
6.452999999999999847e-01
9.058000000000000496e-01
7.841000000000000192e-01
6.885000000000000009e-01
5.949999999999999734e-01
6.872000000000000330e-01
6.579000000000000403e-01
6.923000000000000265e-01
7.489999999999999991e-01
7.546000000000000485e-01
6.078000000000000069e-01
6.072999999999999510e-01
9.090000000000000302e-01
5.725000000000000089e-01
9.457999999999999741e-01
8.820999999999999952e-01
7.322999999999999510e-01
6.038000000000000034e-01
7.568000000000000282e-01
6.256000000000000449e-01
6.824000000000000066e-01
5.442000000000000171e-01
6.270000000000000018e-01
6.871000000000000441e-01
8.001000000000000334e-01
7.322999999999999510e-01
7.591999999999999860e-01
6.139000000000000012e-01
8.607000000000000206e-01
6.866999999999999771e-01
6.782000000000000250e-01
6.258000000000000229e-01
6.448000000000000398e-01
6.283999999999999586e-01
8.578999999999999959e-01
7.032000000000000473e-01
7.511999999999999789e-01
6.846999999999999753e-01
6.689000000000000501e-01
6.781000000000000361e-01
7.587000000000000410e-01
8.352000000000000535e-01
8.278999999999999693e-01
5.985000000000000320e-01
5.594999999999999973e-01
7.465000000000000524e-01
8.486000000000000210e-01
8.104999999999999982e-01
8.185000000000000053e-01
8.117999999999999661e-01
7.903999999999999915e-01
6.984000000000000208e-01
8.364000000000000323e-01
7.037999999999999812e-01
7.957999999999999519e-01
7.810000000000000275e-01
7.359999999999999876e-01
7.848000000000000531e-01
6.231999999999999762e-01
8.849000000000000199e-01
5.997999999999999998e-01
7.198999999999999844e-01
7.076000000000000068e-01
7.976999999999999647e-01
6.135000000000000453e-01
6.118000000000000105e-01
6.761000000000000343e-01
6.088999999999999968e-01
7.504999999999999449e-01
5.866999999999999993e-01
7.228999999999999870e-01
7.492999999999999661e-01
7.115000000000000213e-01
7.604999999999999538e-01
6.439000000000000279e-01
6.966999999999999860e-01
6.634999999999999787e-01
6.776999999999999691e-01
9.714000000000000412e-01
7.049999999999999600e-01
7.095000000000000195e-01
7.150999999999999579e-01
6.959999999999999520e-01
6.497000000000000552e-01
6.452999999999999847e-01
7.559000000000000163e-01
5.896000000000000130e-01
7.167000000000000037e-01
6.844999999999999973e-01
6.840000000000000524e-01
6.703999999999999959e-01
6.307000000000000384e-01
6.875999999999999890e-01
6.120999999999999774e-01
6.693000000000000060e-01
6.504999999999999671e-01
6.423999999999999710e-01
6.912000000000000366e-01
7.406000000000000361e-01
6.005000000000000338e-01
8.358999999999999764e-01
6.045000000000000373e-01
6.382999999999999785e-01
6.519000000000000350e-01
6.804999999999999938e-01
5.433999999999999941e-01
7.520999999999999908e-01
6.499000000000000332e-01
6.647999999999999465e-01
6.394999999999999574e-01
5.701000000000000512e-01
6.398000000000000353e-01
6.020999999999999686e-01
6.253999999999999559e-01
7.006000000000000005e-01
5.796999999999999931e-01
6.478000000000000425e-01
7.050999999999999490e-01
5.618999999999999551e-01
6.107000000000000206e-01
5.685999999999999943e-01
6.905999999999999917e-01
7.305000000000000382e-01
5.884000000000000341e-01
6.115000000000000435e-01
5.843000000000000416e-01
5.789999999999999591e-01
5.713000000000000300e-01
6.636999999999999567e-01
7.735999999999999543e-01
6.572000000000000064e-01
7.231999999999999540e-01
6.266000000000000458e-01
6.447000000000000508e-01
7.901000000000000245e-01
6.703000000000000069e-01
7.360999999999999766e-01
6.242999999999999661e-01
6.179000000000000048e-01
6.360999999999999988e-01
5.627999999999999670e-01
6.410000000000000142e-01
5.917999999999999927e-01
5.342000000000000082e-01
5.947000000000000064e-01
6.977999999999999758e-01
6.868999999999999551e-01
8.929000000000000270e-01
6.078999999999999959e-01
6.169000000000000039e-01
5.742000000000000437e-01
7.013000000000000345e-01
7.052000000000000490e-01
5.743000000000000327e-01
7.433999999999999497e-01
6.129000000000000004e-01
8.118999999999999551e-01
5.098000000000000309e-01
6.420000000000000151e-01
7.064000000000000279e-01
5.544999999999999929e-01
5.787999999999999812e-01
6.247000000000000330e-01
8.477000000000000091e-01
5.777999999999999803e-01
6.303999999999999604e-01
7.814999999999999725e-01
6.057000000000000162e-01
7.016000000000000014e-01
5.675999999999999934e-01
6.000999999999999668e-01
6.160999999999999810e-01
7.230999999999999650e-01
5.543000000000000149e-01
6.800000000000000488e-01
6.354999999999999538e-01
6.857999999999999652e-01
8.046999999999999709e-01
7.907999999999999474e-01
8.288999999999999702e-01
6.564999999999999725e-01
8.178999999999999604e-01
5.658999999999999586e-01
5.997000000000000108e-01
9.042999999999999927e-01
5.526999999999999691e-01
5.639999999999999458e-01
6.772000000000000242e-01
9.101000000000000201e-01
6.770000000000000462e-01
7.705999999999999517e-01
5.826999999999999957e-01
6.140999999999999792e-01
5.511000000000000343e-01
5.625000000000000000e-01
8.575000000000000400e-01
8.122000000000000330e-01
8.421999999999999487e-01
6.828999999999999515e-01
8.286000000000000032e-01
7.466000000000000414e-01
7.909000000000000474e-01
7.406000000000000361e-01
7.289999999999999813e-01
6.277000000000000357e-01
5.523000000000000131e-01
7.433999999999999497e-01
7.695999999999999508e-01
5.854000000000000314e-01
7.166000000000000147e-01
5.551000000000000378e-01
6.057000000000000162e-01
6.421999999999999931e-01
5.365999999999999659e-01
8.214000000000000190e-01
7.436000000000000387e-01
7.068999999999999728e-01
6.854000000000000092e-01
6.140999999999999792e-01
5.595999999999999863e-01
6.342999999999999750e-01
5.698999999999999622e-01
5.583000000000000185e-01
7.398000000000000131e-01
6.992000000000000437e-01
7.822999999999999954e-01
6.622000000000000108e-01
6.644999999999999796e-01
5.369000000000000439e-01
7.176000000000000156e-01
6.754000000000000004e-01
6.342999999999999750e-01
7.558000000000000274e-01
6.938999999999999613e-01
6.151999999999999691e-01
7.077999999999999847e-01
6.253999999999999559e-01
6.886999999999999789e-01
7.379999999999999893e-01
6.421999999999999931e-01
6.786999999999999700e-01
7.318999999999999950e-01
6.500000000000000222e-01
5.197000000000000508e-01
6.264999999999999458e-01
6.758999999999999453e-01
6.260000000000000009e-01
5.853000000000000425e-01
6.320999999999999952e-01
5.800999999999999490e-01
7.183000000000000496e-01
6.594999999999999751e-01
6.198000000000000176e-01
7.159999999999999698e-01
6.320000000000000062e-01
6.542000000000000037e-01
5.634000000000000119e-01
6.195000000000000506e-01
6.463999999999999746e-01
5.734000000000000208e-01
6.774999999999999911e-01
6.723000000000000087e-01
6.080999999999999739e-01
6.256000000000000449e-01
6.314999999999999503e-01
6.108999999999999986e-01
6.187000000000000277e-01
5.554000000000000048e-01
6.511000000000000121e-01
5.214999999999999636e-01
6.360000000000000098e-01
5.732000000000000428e-01
5.459000000000000519e-01
