5.435999999999999721e-01
5.067000000000000393e-01
5.163999999999999702e-01
5.158000000000000362e-01
5.556999999999999718e-01
5.333999999999999853e-01
5.541000000000000369e-01
5.574999999999999956e-01
5.513000000000000123e-01
5.531000000000000361e-01
5.209000000000000297e-01
5.467999999999999527e-01
5.840999999999999526e-01
5.828999999999999737e-01
6.155000000000000471e-01
5.776000000000000023e-01
5.608999999999999542e-01
5.795000000000000151e-01
5.846999999999999975e-01
5.320000000000000284e-01
5.303999999999999826e-01
5.826000000000000068e-01
5.762000000000000455e-01
5.646999999999999797e-01
5.705000000000000071e-01
5.567999999999999616e-01
5.742000000000000437e-01
5.775000000000000133e-01
5.858999999999999764e-01
5.772000000000000464e-01
6.038000000000000034e-01
5.712000000000000410e-01
5.591000000000000414e-01
5.423000000000000043e-01
5.593000000000000194e-01
5.426999999999999602e-01
5.356999999999999540e-01
5.326999999999999513e-01
5.553000000000000158e-01
5.472000000000000197e-01
5.795000000000000151e-01
5.854000000000000314e-01
5.839999999999999636e-01
5.843000000000000416e-01
5.784000000000000252e-01
5.625999999999999890e-01
5.383000000000000007e-01
5.714000000000000190e-01
5.614999999999999991e-01
5.699999999999999512e-01
5.671000000000000485e-01
5.268000000000000460e-01
5.597999999999999643e-01
5.613000000000000211e-01
1.526499999999999968e+00
1.539700000000000069e+00
1.546599999999999975e+00
1.550000000000000044e+00
1.529800000000000049e+00
1.561600000000000099e+00
1.567299999999999915e+00
1.570300000000000029e+00
1.536200000000000010e+00
1.536599999999999966e+00
5.296999999999999487e-01
5.262999999999999901e-01
5.292999999999999927e-01
5.371000000000000218e-01
5.541000000000000369e-01
5.310000000000000275e-01
5.364999999999999769e-01
5.473000000000000087e-01
5.224999999999999645e-01
5.195999999999999508e-01
4.999000000000000110e-01
5.070000000000000062e-01
5.464999999999999858e-01
5.185999999999999499e-01
5.154999999999999583e-01
5.651000000000000467e-01
5.361000000000000210e-01
5.103999999999999648e-01
6.094000000000000528e-01
5.515999999999999792e-01
5.090000000000000080e-01
5.323999999999999844e-01
5.856000000000000094e-01
5.836000000000000076e-01
5.939999999999999725e-01
5.850999999999999535e-01
5.888999999999999790e-01
5.868999999999999773e-01
5.899999999999999689e-01
5.846000000000000085e-01
5.873000000000000442e-01
5.308000000000000496e-01
5.737999999999999767e-01
5.822000000000000508e-01
5.735999999999999988e-01
5.780999999999999472e-01
5.225999999999999535e-01
6.054000000000000492e-01
5.198000000000000398e-01
5.043999999999999595e-01
5.588999999999999524e-01
4.999000000000000110e-01
5.843000000000000416e-01
5.426999999999999602e-01
5.413000000000000034e-01
5.711000000000000520e-01
5.341000000000000192e-01
5.748999999999999666e-01
5.890999999999999570e-01
5.873000000000000442e-01
5.659999999999999476e-01
5.628999999999999559e-01
5.601000000000000423e-01
5.292999999999999927e-01
5.718999999999999639e-01
5.531000000000000361e-01
5.763000000000000345e-01
5.494999999999999885e-01
5.613000000000000211e-01
5.638999999999999568e-01
5.864000000000000323e-01
5.702000000000000401e-01
5.706999999999999851e-01
5.615999999999999881e-01
5.457999999999999519e-01
6.245000000000000551e-01
5.593000000000000194e-01
5.541000000000000369e-01
5.669999999999999485e-01
5.777999999999999803e-01
6.131999999999999673e-01
5.455999999999999739e-01
5.560000000000000497e-01
6.146000000000000352e-01
6.058000000000000052e-01
5.604999999999999982e-01
5.597999999999999643e-01
5.636999999999999789e-01
5.542000000000000259e-01
5.980999999999999650e-01
5.540000000000000480e-01
5.874000000000000332e-01
5.847999999999999865e-01
5.887000000000000011e-01
5.833000000000000407e-01
5.828999999999999737e-01
5.923000000000000487e-01
5.694000000000000172e-01
6.041999999999999593e-01
5.706999999999999851e-01
5.705000000000000071e-01
5.703000000000000291e-01
5.605999999999999872e-01
6.007000000000000117e-01
5.639999999999999458e-01
5.679999999999999494e-01
5.677999999999999714e-01
5.565999999999999837e-01
5.683000000000000274e-01
5.868999999999999773e-01
5.908999999999999808e-01
5.855000000000000204e-01
5.669999999999999485e-01
5.504999999999999893e-01
5.866999999999999993e-01
5.837999999999999856e-01
5.686999999999999833e-01
5.786000000000000032e-01
5.844000000000000306e-01
5.750999999999999446e-01
5.832000000000000517e-01
5.679999999999999494e-01
5.737999999999999767e-01
5.616999999999999771e-01
5.848999999999999755e-01
5.846999999999999975e-01
6.092999999999999527e-01
6.038000000000000034e-01
5.976000000000000201e-01
5.705000000000000071e-01
6.042999999999999483e-01
6.000999999999999668e-01
5.953000000000000513e-01
5.899999999999999689e-01
5.917000000000000037e-01
5.844000000000000306e-01
5.770999999999999464e-01
5.897000000000000020e-01
5.762000000000000455e-01
5.784000000000000252e-01
5.766000000000000014e-01
5.728999999999999648e-01
5.750999999999999446e-01
5.763000000000000345e-01
5.779999999999999583e-01
5.651000000000000467e-01
5.143999999999999684e-01
5.127000000000000446e-01
5.070999999999999952e-01
5.262999999999999901e-01
4.984999999999999987e-01
5.244999999999999662e-01
5.370000000000000329e-01
4.974000000000000088e-01
5.084999999999999520e-01
5.125999999999999446e-01
5.144999999999999574e-01
5.201000000000000068e-01
5.069000000000000172e-01
5.198000000000000398e-01
5.298000000000000487e-01
5.274999999999999689e-01
5.312000000000000055e-01
5.185999999999999499e-01
5.083999999999999631e-01
5.182999999999999829e-01
5.120000000000000107e-01
5.623000000000000220e-01
5.445999999999999730e-01
5.459000000000000519e-01
4.909999999999999920e-01
5.396999999999999575e-01
5.256999999999999451e-01
5.259000000000000341e-01
4.974999999999999978e-01
5.295999999999999597e-01
5.268000000000000460e-01
4.929999999999999938e-01
5.319000000000000394e-01
5.362999999999999989e-01
5.269000000000000350e-01
5.238000000000000433e-01
5.255999999999999561e-01
5.302000000000000046e-01
5.254999999999999671e-01
5.185999999999999499e-01
5.141999999999999904e-01
5.238000000000000433e-01
5.298000000000000487e-01
5.371000000000000218e-01
5.131999999999999895e-01
5.080999999999999961e-01
5.511000000000000343e-01
5.144999999999999574e-01
5.151999999999999913e-01
5.092999999999999750e-01
5.142999999999999794e-01
5.122999999999999776e-01
5.237000000000000544e-01
5.184999999999999609e-01
5.191000000000000059e-01
5.036000000000000476e-01
5.312999999999999945e-01
5.087000000000000410e-01
5.213999999999999746e-01
5.230000000000000204e-01
5.182999999999999829e-01
5.315999999999999615e-01
5.172999999999999821e-01
5.222999999999999865e-01
5.201000000000000068e-01
5.209000000000000297e-01
5.235999999999999543e-01
5.011999999999999789e-01
5.063999999999999613e-01
5.365999999999999659e-01
5.175999999999999490e-01
5.439000000000000501e-01
5.294999999999999707e-01
5.721000000000000529e-01
5.506999999999999673e-01
5.665999999999999925e-01
5.390000000000000346e-01
5.441000000000000281e-01
5.455999999999999739e-01
5.474999999999999867e-01
5.655000000000000027e-01
5.167000000000000481e-01
5.602000000000000313e-01
5.182999999999999829e-01
5.335999999999999632e-01
5.363999999999999879e-01
5.123999999999999666e-01
5.352000000000000091e-01
5.346999999999999531e-01
5.223999999999999755e-01
5.221999999999999975e-01
5.329000000000000403e-01
5.244999999999999662e-01
5.202999999999999847e-01
5.274999999999999689e-01
5.213999999999999746e-01
5.321000000000000174e-01
5.229000000000000314e-01
5.550000000000000488e-01
5.402000000000000135e-01
5.217000000000000526e-01
5.220000000000000195e-01
5.151999999999999913e-01
5.148000000000000353e-01
5.174999999999999600e-01
5.089000000000000190e-01
5.324999999999999734e-01
5.114999999999999547e-01
5.450000000000000400e-01
5.127000000000000446e-01
5.258000000000000451e-01
5.088000000000000300e-01
5.191000000000000059e-01
5.276999999999999469e-01
5.303999999999999826e-01
4.935999999999999832e-01
5.217000000000000526e-01
5.084999999999999520e-01
5.113999999999999657e-01
5.262999999999999901e-01
4.964999999999999969e-01
5.220000000000000195e-01
5.384999999999999787e-01
5.067000000000000393e-01
5.352999999999999980e-01
5.241000000000000103e-01
4.946999999999999731e-01
5.281000000000000139e-01
5.131000000000000005e-01
5.318000000000000504e-01
5.312000000000000055e-01
5.036000000000000476e-01
5.121999999999999886e-01
5.209000000000000297e-01
5.056000000000000494e-01
5.062999999999999723e-01
5.112999999999999767e-01
5.062999999999999723e-01
5.160000000000000142e-01
5.066000000000000503e-01
5.082999999999999741e-01
5.231000000000000094e-01
5.081999999999999851e-01
5.118000000000000327e-01
5.138000000000000345e-01
5.141999999999999904e-01
5.333999999999999853e-01
5.104999999999999538e-01
5.359000000000000430e-01
5.274999999999999689e-01
5.138000000000000345e-01
5.094999999999999529e-01
5.120999999999999996e-01
5.178000000000000380e-01
4.954000000000000070e-01
5.237000000000000544e-01
5.188000000000000389e-01
5.212999999999999856e-01
5.101999999999999869e-01
5.240000000000000213e-01
5.285999999999999588e-01
5.544999999999999929e-01
5.157000000000000473e-01
5.189000000000000279e-01
5.040999999999999925e-01
5.325999999999999623e-01
5.296999999999999487e-01
5.158000000000000362e-01
5.161999999999999922e-01
5.232999999999999874e-01
5.303999999999999826e-01
5.292999999999999927e-01
5.069000000000000172e-01
5.243999999999999773e-01
5.552000000000000268e-01
5.249000000000000332e-01
5.016000000000000458e-01
5.164999999999999591e-01
5.167000000000000481e-01
5.081999999999999851e-01
5.343999999999999861e-01
5.086000000000000520e-01
5.340000000000000302e-01
5.147000000000000464e-01
5.018000000000000238e-01
5.023999999999999577e-01
5.416999999999999593e-01
5.252999999999999892e-01
5.727999999999999758e-01
5.225999999999999535e-01
5.587999999999999634e-01
5.138000000000000345e-01
5.168000000000000371e-01
5.436999999999999611e-01
5.068000000000000282e-01
5.484999999999999876e-01
5.309000000000000385e-01
5.534999999999999920e-01
5.511000000000000343e-01
5.503000000000000114e-01
5.281000000000000139e-01
5.272999999999999909e-01
5.352000000000000091e-01
5.435999999999999721e-01
5.131000000000000005e-01
5.110999999999999988e-01
5.160000000000000142e-01
5.308000000000000496e-01
5.175999999999999490e-01
5.276999999999999469e-01
5.167000000000000481e-01
5.000999999999999890e-01
5.231000000000000094e-01
5.281000000000000139e-01
5.031999999999999806e-01
5.147000000000000464e-01
5.231999999999999984e-01
5.151000000000000023e-01
5.201999999999999957e-01
5.217000000000000526e-01
5.453999999999999959e-01
5.152999999999999803e-01
5.223999999999999755e-01
5.199000000000000288e-01
5.239000000000000323e-01
5.312999999999999945e-01
5.124999999999999556e-01
5.419000000000000483e-01
5.049000000000000155e-01
5.311000000000000165e-01
5.110000000000000098e-01
4.971999999999999753e-01
5.050999999999999934e-01
5.292000000000000037e-01
5.270000000000000240e-01
5.238000000000000433e-01
5.231999999999999984e-01
5.129000000000000226e-01
5.221000000000000085e-01
5.311000000000000165e-01
5.090000000000000080e-01
5.149000000000000243e-01
5.164999999999999591e-01
5.151999999999999913e-01
5.294999999999999707e-01
5.343999999999999861e-01
5.457999999999999519e-01
5.235999999999999543e-01
4.981999999999999762e-01
4.978000000000000203e-01
5.195999999999999508e-01
5.222999999999999865e-01
5.143999999999999684e-01
5.421000000000000263e-01
5.137000000000000455e-01
5.094999999999999529e-01
5.332999999999999963e-01
5.022999999999999687e-01
5.271000000000000130e-01
5.221999999999999975e-01
5.224999999999999645e-01
5.241000000000000103e-01
5.221999999999999975e-01
5.757999999999999785e-01
5.193999999999999728e-01
5.708999999999999631e-01
5.018000000000000238e-01
5.063999999999999613e-01
5.713000000000000300e-01
5.602000000000000313e-01
5.014999999999999458e-01
5.017000000000000348e-01
5.004999999999999449e-01
5.562000000000000277e-01
5.572000000000000286e-01
5.664000000000000146e-01
5.555999999999999828e-01
5.417999999999999483e-01
5.524000000000000021e-01
5.507999999999999563e-01
5.346999999999999531e-01
5.372000000000000108e-01
5.374999999999999778e-01
5.397999999999999465e-01
5.391000000000000236e-01
5.667999999999999705e-01
5.335999999999999632e-01
5.263999999999999790e-01
5.294999999999999707e-01
5.655999999999999917e-01
5.465999999999999748e-01
5.450000000000000400e-01
5.423000000000000043e-01
5.304999999999999716e-01
5.278000000000000469e-01
5.364999999999999769e-01
5.496999999999999664e-01
5.269000000000000350e-01
5.328000000000000513e-01
5.344999999999999751e-01
5.097000000000000419e-01
5.224999999999999645e-01
5.171000000000000041e-01
5.135999999999999455e-01
5.114999999999999547e-01
5.452000000000000179e-01
5.431000000000000272e-01
5.276999999999999469e-01
5.030000000000000027e-01
4.984000000000000097e-01
5.325999999999999623e-01
5.275999999999999579e-01
5.286999999999999478e-01
5.214999999999999636e-01
5.272999999999999909e-01
5.249000000000000332e-01
5.230000000000000204e-01
5.298000000000000487e-01
5.373999999999999888e-01
5.141000000000000014e-01
5.106000000000000538e-01
5.187000000000000499e-01
5.093999999999999639e-01
5.106000000000000538e-01
5.050000000000000044e-01
5.220000000000000195e-01
5.191999999999999948e-01
5.291000000000000147e-01
5.001999999999999780e-01
5.171999999999999931e-01
5.296999999999999487e-01
5.712000000000000410e-01
5.263999999999999790e-01
5.269000000000000350e-01
4.984000000000000097e-01
5.282999999999999918e-01
5.563000000000000167e-01
5.405999999999999694e-01
5.291000000000000147e-01
5.472000000000000197e-01
5.349000000000000421e-01
5.299000000000000377e-01
5.490000000000000435e-01
5.151000000000000023e-01
5.493999999999999995e-01
5.674000000000000155e-01
5.394999999999999796e-01
5.460000000000000409e-01
5.382000000000000117e-01
5.401000000000000245e-01
5.391000000000000236e-01
5.393000000000000016e-01
5.423999999999999932e-01
5.358000000000000540e-01
5.255999999999999561e-01
5.560000000000000497e-01
5.300000000000000266e-01
5.285999999999999588e-01
5.332000000000000073e-01
5.452000000000000179e-01
5.244999999999999662e-01
5.184999999999999609e-01
5.323999999999999844e-01
5.371000000000000218e-01
5.293999999999999817e-01
5.309000000000000385e-01
5.275999999999999579e-01
5.592000000000000304e-01
5.179000000000000270e-01
5.475999999999999757e-01
5.727999999999999758e-01
5.393000000000000016e-01
5.424999999999999822e-01
5.370000000000000329e-01
5.371000000000000218e-01
5.291000000000000147e-01
5.281000000000000139e-01
5.312000000000000055e-01
5.152999999999999803e-01
5.255999999999999561e-01
5.879999999999999671e-01
5.270000000000000240e-01
5.292999999999999927e-01
5.252999999999999892e-01
5.574999999999999956e-01
5.144999999999999574e-01
5.111999999999999877e-01
5.109000000000000208e-01
5.282000000000000028e-01
5.305999999999999606e-01
5.209000000000000297e-01
5.043999999999999595e-01
5.190000000000000169e-01
5.177000000000000490e-01
5.292000000000000037e-01
5.366999999999999549e-01
5.349000000000000421e-01
5.370000000000000329e-01
5.040999999999999925e-01
5.300000000000000266e-01
5.100999999999999979e-01
5.101999999999999869e-01
5.150000000000000133e-01
5.182999999999999829e-01
5.169000000000000261e-01
5.040999999999999925e-01
5.183999999999999719e-01
5.481000000000000316e-01
5.469000000000000528e-01
5.114999999999999547e-01
5.355999999999999650e-01
5.355999999999999650e-01
5.309000000000000385e-01
5.316999999999999504e-01
5.252999999999999892e-01
5.165999999999999481e-01
5.326999999999999513e-01
5.441000000000000281e-01
5.406999999999999584e-01
5.238000000000000433e-01
5.134999999999999565e-01
5.201999999999999957e-01
5.331000000000000183e-01
5.310000000000000275e-01
5.101999999999999869e-01
5.213999999999999746e-01
5.239000000000000323e-01
5.179000000000000270e-01
5.397999999999999465e-01
5.302999999999999936e-01
5.097000000000000419e-01
5.057000000000000384e-01
5.229000000000000314e-01
5.026000000000000467e-01
5.221999999999999975e-01
5.179000000000000270e-01
5.139000000000000234e-01
5.177000000000000490e-01
5.092999999999999750e-01
5.205999999999999517e-01
5.168000000000000371e-01
5.228000000000000425e-01
5.219000000000000306e-01
5.199000000000000288e-01
5.022999999999999687e-01
5.044999999999999485e-01
5.227000000000000535e-01
5.180000000000000160e-01
5.040000000000000036e-01
5.220000000000000195e-01
5.311000000000000165e-01
5.131000000000000005e-01
5.185999999999999499e-01
5.094999999999999529e-01
5.024999999999999467e-01
5.118000000000000327e-01
5.103999999999999648e-01
5.152999999999999803e-01
5.110000000000000098e-01
5.173999999999999710e-01
5.131000000000000005e-01
5.163999999999999702e-01
5.251000000000000112e-01
5.201999999999999957e-01
5.114999999999999547e-01
5.211999999999999966e-01
5.159000000000000252e-01
4.968000000000000194e-01
5.465999999999999748e-01
5.564000000000000057e-01
5.667999999999999705e-01
5.651000000000000467e-01
5.859999999999999654e-01
5.201000000000000068e-01
5.646999999999999797e-01
5.581000000000000405e-01
5.227000000000000535e-01
5.341000000000000192e-01
5.333999999999999853e-01
5.150000000000000133e-01
5.261000000000000121e-01
5.315999999999999615e-01
5.445999999999999730e-01
5.402000000000000135e-01
5.383000000000000007e-01
5.322000000000000064e-01
5.558999999999999497e-01
5.385999999999999677e-01
5.172999999999999821e-01
5.263999999999999790e-01
5.284999999999999698e-01
5.291000000000000147e-01
5.565999999999999837e-01
5.322000000000000064e-01
5.319000000000000394e-01
5.242999999999999883e-01
5.092999999999999750e-01
5.383999999999999897e-01
5.292000000000000037e-01
5.184999999999999609e-01
1.270000000000000018e+00
5.452000000000000179e-01
1.222399999999999931e+00
1.216900000000000093e+00
5.208000000000000407e-01
5.171000000000000041e-01
5.371000000000000218e-01
5.049000000000000155e-01
4.964999999999999969e-01
1.545299999999999896e+00
1.518299999999999983e+00
1.514899999999999913e+00
1.545299999999999896e+00
1.509500000000000064e+00
1.536399999999999988e+00
1.535500000000000087e+00
1.547700000000000076e+00
5.188000000000000389e-01
4.996999999999999775e-01
1.536799999999999944e+00
5.026000000000000467e-01
4.965999999999999859e-01
5.266999999999999460e-01
5.339000000000000412e-01
5.191999999999999948e-01
5.034999999999999476e-01
5.145999999999999464e-01
5.164999999999999591e-01
5.288000000000000478e-01
5.417999999999999483e-01
5.117000000000000437e-01
5.120999999999999996e-01
5.175999999999999490e-01
5.040000000000000036e-01
5.387999999999999456e-01
5.020999999999999908e-01
5.220000000000000195e-01
5.537999999999999590e-01
5.182999999999999829e-01
5.264999999999999680e-01
5.445999999999999730e-01
5.021999999999999797e-01
5.123999999999999666e-01
5.234999999999999654e-01
5.271000000000000130e-01
5.160000000000000142e-01
5.228000000000000425e-01
5.290000000000000258e-01
5.181000000000000050e-01
5.059000000000000163e-01
5.159000000000000252e-01
5.204999999999999627e-01
1.520199999999999996e+00
1.507300000000000084e+00
1.509400000000000075e+00
1.571199999999999930e+00
1.527099999999999902e+00
1.544000000000000039e+00
1.544999999999999929e+00
1.526799999999999935e+00
1.526599999999999957e+00
1.522999999999999909e+00
1.509500000000000064e+00
1.521800000000000042e+00
1.241500000000000048e+00
1.234699999999999909e+00
1.187400000000000011e+00
1.268499999999999961e+00
1.231300000000000061e+00
1.186199999999999921e+00
1.223799999999999999e+00
5.148000000000000353e-01
1.209600000000000009e+00
5.093999999999999639e-01
1.209699999999999998e+00
5.143999999999999684e-01
5.007000000000000339e-01
5.091999999999999860e-01
5.070000000000000062e-01
5.133999999999999675e-01
5.379000000000000448e-01
5.299000000000000377e-01
5.205999999999999517e-01
5.193999999999999728e-01
5.108000000000000318e-01
5.177000000000000490e-01
5.153999999999999693e-01
5.181000000000000050e-01
5.252000000000000002e-01
5.143999999999999684e-01
5.159000000000000252e-01
2.306400000000000006e+00
1.495500000000000052e+00
1.544100000000000028e+00
1.534899999999999931e+00
2.292800000000000171e+00
2.290399999999999991e+00
2.286599999999999966e+00
1.527600000000000069e+00
1.528399999999999981e+00
